cells:
  AND: 3
  OR: 3
  NAND: 3
  NOR: 3
  DFF: 1
  INV: 1
  BUF: 1
area: 60.0
power: 0.0012000000000000001
frequency: 333.3333333333333
flip_flops: 0
gates: 12
inputs: 2
outputs: 2
wires: 0
always_blocks: 1
mock: True
